0	0.01	0.01	370
0.085106383	0.09	0.01	370
0.0851914894	0.09	0.01008	370
0.1702978723	0.01	0.01008	370
0.1703829787	0.01	0.01016	370
0.2554893617	0.09	0.01016	370
0.2555744681	0.09	0.01024	370
0.3406808511	0.01	0.01024	370
0.3407659574	0.01	0.01032	370
0.4258723404	0.09	0.01032	370
0.4259574468	0.09	0.0104	370
0.5110638298	0.01	0.0104	370
0.5111489362	0.01	0.01048	370
0.5962553191	0.09	0.01048	370
0.5963404255	0.09	0.01056	370
0.6814468085	0.01	0.01056	370
0.6815319149	0.01	0.01064	370
0.7666382979	0.09	0.01064	370
0.7667234043	0.09	0.01072	370
0.8518297872	0.01	0.01072	370
