1	0
1	0.0001
2	0.0002
3	0.0003
4	0.0004
5	0.0005
6	0.0006
7	0.0007
8	0.0008
9	0.0009
10	0.001
11	0.0011
12	0.0012
13	0.0013
14	0.0014
15	0.0015
16	0.0016
17	0.0017
18	0.0018
19	0.0019
20	0.002
21	0.0021
22	0.0022
23	0.0023
24	0.0024
25	0.0025
26	0.0026
27	0.0027
28	0.0028
29	0.0029
30	0.003
31	0.0031
32	0.0032
33	0.0033
34	0.0034
35	0.0035
36	0.0036
37	0.0037
38	0.0038
39	0.0039
40	0.004
41	0.0041
42	0.0042
43	0.0043
44	0.0044
45	0.0045
46	0.0046
47	0.0047
48	0.0048
49	0.0049
50	0.005
51	0.0051
52	0.0052
53	0.0053
54	0.0054
55	0.0055
56	0.0056
57	0.0057
58	0.0058
59	0.0059
60	0.006
61	0.0061
62	0.0062
63	0.0063
64	0.0064
65	0.0065
66	0.0066
67	0.0067
68	0.0068
69	0.0069
70	0.007
71	0.0071
72	0.0072
73	0.0073
74	0.0074
75	0.0075
76	0.0076
77	0.0077
78	0.0078
79	0.0079
80	0.008
81	0.0081
82	0.0082
83	0.0083
84	0.0084
85	0.0085
86	0.0086
87	0.0087
88	0.0088
89	0.0089
90	0.009
91	0.0091
92	0.0092
93	0.0093
94	0.0094
95	0.0095
96	0.0096
97	0.0097
98	0.0098
99	0.0099
100	0.01
101	0.0101
102	0.0102
103	0.0103
104	0.0104
105	0.0105
106	0.0106
107	0.0107
108	0.0108
109	0.0109
110	0.011
111	0.0111
112	0.0112
113	0.0113
114	0.0114
115	0.0115
116	0.0116
117	0.0117
118	0.0118
119	0.0119
120	0.012
121	0.0121
122	0.0122
123	0.0123
124	0.0124
125	0.0125
126	0.0126
127	0.0127
128	0.0128
129	0.0129
130	0.013
131	0.0131
132	0.0132
133	0.0133
134	0.0134
135	0.0135
136	0.0136
137	0.0137
138	0.0138
139	0.0139
140	0.014
141	0.0141
142	0.0142
143	0.0143
144	0.0144
145	0.0145
146	0.0146
147	0.0147
148	0.0148
149	0.0149
150	0.015
151	0.0151
152	0.0152
153	0.0153
154	0.0154
155	0.0155
156	0.0156
157	0.0157
158	0.0158
159	0.0159
160	0.016
161	0.0161
162	0.0162
163	0.0163
164	0.0164
165	0.0165
166	0.0166
167	0.0167
168	0.0168
169	0.0169
170	0.017
171	0.0171
172	0.0172
173	0.0173
174	0.0174
175	0.0175
176	0.0176
177	0.0177
178	0.0178
179	0.0179
180	0.018
181	0.0181
182	0.0182
183	0.0183
184	0.0184
185	0.0185
186	0.0186
187	0.0187
188	0.0188
189	0.0189
190	0.019
191	0.0191
192	0.0192
193	0.0193
194	0.0194
195	0.0195
196	0.0196
197	0.0197
198	0.0198
199	0.0199
200	0.02
201	0.0201
202	0.0202
203	0.0203
204	0.0204
205	0.0205
206	0.0206
207	0.0207
208	0.0208
209	0.0209
210	0.021
211	0.0211
212	0.0212
213	0.0213
214	0.0214
215	0.0215
216	0.0216
217	0.0217
218	0.0218
219	0.0219
220	0.022
221	0.0221
222	0.0222
223	0.0223
224	0.0224
225	0.0225
226	0.0226
227	0.0227
228	0.0228
229	0.0229
230	0.023
231	0.0231
232	0.0232
233	0.0233
234	0.0234
235	0.0235
236	0.0236
237	0.0237
238	0.0238
239	0.0239
240	0.024
241	0.0241
242	0.0242
243	0.0243
244	0.0244
245	0.0245
246	0.0246
247	0.0247
248	0.0248
249	0.0249
250	0.025
251	0.0251
252	0.0252
253	0.0253
254	0.0254
255	0.0255
256	0.0256
257	0.0257
258	0.0258
259	0.0259
260	0.026
261	0.0261
262	0.0262
263	0.0263
264	0.0264
265	0.0265
266	0.0266
267	0.0267
268	0.0268
269	0.0269
270	0.027
271	0.0271
272	0.0272
273	0.0273
274	0.0274
275	0.0275
276	0.0276
277	0.0277
278	0.0278
279	0.0279
280	0.028
281	0.0281
282	0.0282
283	0.0283
284	0.0284
285	0.0285
286	0.0286
287	0.0287
288	0.0288
289	0.0289
290	0.029
291	0.0291
292	0.0292
293	0.0293
294	0.0294
295	0.0295
296	0.0296
297	0.0297
298	0.0298
299	0.0299
300	0.03
301	0.0301
302	0.0302
303	0.0303
304	0.0304
305	0.0305
306	0.0306
307	0.0307
308	0.0308
309	0.0309
310	0.031
311	0.0311
312	0.0312
313	0.0313
314	0.0314
315	0.0315
316	0.0316
317	0.0317
318	0.0318
319	0.0319
320	0.032
321	0.0321
322	0.0322
323	0.0323
324	0.0324
325	0.0325
326	0.0326
327	0.0327
328	0.0328
329	0.0329
330	0.033
331	0.0331
332	0.0332
333	0.0333
334	0.0334
335	0.0335
336	0.0336
337	0.0337
338	0.0338
339	0.0339
340	0.034
341	0.0341
342	0.0342
343	0.0343
344	0.0344
345	0.0345
346	0.0346
347	0.0347
348	0.0348
349	0.0349
350	0.035
351	0.0351
352	0.0352
353	0.0353
354	0.0354
355	0.0355
356	0.0356
357	0.0357
358	0.0358
359	0.0359
360	0.036
361	0.0361
362	0.0362
363	0.0363
364	0.0364
365	0.0365
366	0.0366
367	0.0367
368	0.0368
369	0.0369
370	0.037
371	0.0371
372	0.0372
373	0.0373
374	0.0374
375	0.0375
376	0.0376
377	0.0377
378	0.0378
379	0.0379
380	0.038
381	0.0381
382	0.0382
383	0.0383
384	0.0384
385	0.0385
386	0.0386
387	0.0387
388	0.0388
389	0.0389
390	0.039
391	0.0391
392	0.0392
393	0.0393
394	0.0394
395	0.0395
396	0.0396
397	0.0397
398	0.0398
399	0.0399
400	0.04
401	0.0401
402	0.0402
403	0.0403
404	0.0404
405	0.0405
406	0.0406
407	0.0407
408	0.0408
409	0.0409
410	0.041
411	0.0411
412	0.0412
413	0.0413
414	0.0414
415	0.0415
416	0.0416
417	0.0417
418	0.0418
419	0.0419
420	0.042
421	0.0421
422	0.0422
423	0.0423
424	0.0424
425	0.0425
426	0.0426
427	0.0427
428	0.0428
429	0.0429
430	0.043
431	0.0431
432	0.0432
433	0.0433
434	0.0434
435	0.0435
436	0.0436
437	0.0437
438	0.0438
439	0.0439
440	0.044
441	0.0441
442	0.0442
443	0.0443
444	0.0444
445	0.0445
446	0.0446
447	0.0447
448	0.0448
449	0.0449
450	0.045
451	0.0451
452	0.0452
453	0.0453
454	0.0454
455	0.0455
456	0.0456
457	0.0457
458	0.0458
459	0.0459
460	0.046
461	0.0461
462	0.0462
463	0.0463
464	0.0464
465	0.0465
466	0.0466
467	0.0467
468	0.0468
469	0.0469
470	0.047
471	0.0471
472	0.0472
473	0.0473
474	0.0474
475	0.0475
476	0.0476
477	0.0477
478	0.0478
479	0.0479
480	0.048
481	0.0481
482	0.0482
483	0.0483
484	0.0484
485	0.0485
486	0.0486
487	0.0487
488	0.0488
489	0.0489
490	0.049
491	0.0491
492	0.0492
493	0.0493
494	0.0494
495	0.0495
496	0.0496
497	0.0497
498	0.0498
499	0.0499
500	0.05
501	0.0501
502	0.0502
503	0.0503
504	0.0504
505	0.0505
506	0.0506
507	0.0507
508	0.0508
509	0.0509
510	0.051
511	0.0511
512	0.0512
513	0.0513
514	0.0514
515	0.0515
516	0.0516
517	0.0517
518	0.0518
519	0.0519
520	0.052
521	0.0521
522	0.0522
523	0.0523
524	0.0524
525	0.0525
526	0.0526
527	0.0527
528	0.0528
529	0.0529
530	0.053
531	0.0531
532	0.0532
533	0.0533
534	0.0534
535	0.0535
536	0.0536
537	0.0537
538	0.0538
539	0.0539
540	0.054
541	0.0541
542	0.0542
543	0.0543
544	0.0544
545	0.0545
546	0.0546
547	0.0547
548	0.0548
549	0.0549
550	0.055
551	0.0551
552	0.0552
553	0.0553
554	0.0554
555	0.0555
556	0.0556
557	0.0557
558	0.0558
559	0.0559
560	0.056
561	0.0561
562	0.0562
563	0.0563
564	0.0564
565	0.0565
566	0.0566
567	0.0567
568	0.0568
569	0.0569
570	0.057
571	0.0571
572	0.0572
573	0.0573
574	0.0574
575	0.0575
576	0.0576
577	0.0577
578	0.0578
579	0.0579
580	0.058
581	0.0581
582	0.0582
583	0.0583
584	0.0584
585	0.0585
586	0.0586
587	0.0587
588	0.0588
589	0.0589
590	0.059
591	0.0591
592	0.0592
593	0.0593
594	0.0594
595	0.0595
596	0.0596
597	0.0597
598	0.0598
599	0.0599
600	0.06
601	0.0601
602	0.0602
603	0.0603
604	0.0604
605	0.0605
606	0.0606
607	0.0607
608	0.0608
609	0.0609
610	0.061
611	0.0611
612	0.0612
613	0.0613
614	0.0614
615	0.0615
616	0.0616
617	0.0617
618	0.0618
619	0.0619
620	0.062
621	0.0621
622	0.0622
623	0.0623
624	0.0624
625	0.0625
626	0.0626
627	0.0627
628	0.0628
629	0.0629
630	0.063
631	0.0631
632	0.0632
633	0.0633
634	0.0634
635	0.0635
636	0.0636
637	0.0637
638	0.0638
639	0.0639
640	0.064
641	0.0641
642	0.0642
643	0.0643
644	0.0644
645	0.0645
646	0.0646
647	0.0647
648	0.0648
649	0.0649
650	0.065
651	0.0651
652	0.0652
653	0.0653
654	0.0654
655	0.0655
656	0.0656
657	0.0657
658	0.0658
659	0.0659
660	0.066
661	0.0661
662	0.0662
663	0.0663
664	0.0664
665	0.0665
666	0.0666
667	0.0667
668	0.0668
669	0.0669
670	0.067
671	0.0671
672	0.0672
673	0.0673
674	0.0674
675	0.0675
676	0.0676
677	0.0677
678	0.0678
679	0.0679
680	0.068
681	0.0681
682	0.0682
683	0.0683
684	0.0684
685	0.0685
686	0.0686
687	0.0687
688	0.0688
689	0.0689
690	0.069
691	0.0691
692	0.0692
693	0.0693
694	0.0694
695	0.0695
696	0.0696
697	0.0697
698	0.0698
699	0.0699
700	0.07
701	0.0701
702	0.0702
703	0.0703
704	0.0704
705	0.0705
706	0.0706
707	0.0707
708	0.0708
709	0.0709
710	0.071
711	0.0711
712	0.0712
713	0.0713
714	0.0714
715	0.0715
716	0.0716
717	0.0717
718	0.0718
719	0.0719
720	0.072
721	0.0721
722	0.0722
723	0.0723
724	0.0724
725	0.0725
726	0.0726
727	0.0727
728	0.0728
729	0.0729
730	0.073
731	0.0731
732	0.0732
733	0.0733
734	0.0734
735	0.0735
736	0.0736
737	0.0737
738	0.0738
739	0.0739
740	0.074
741	0.0741
742	0.0742
743	0.0743
744	0.0744
745	0.0745
746	0.0746
747	0.0747
748	0.0748
749	0.0749
750	0.075
751	0.0751
752	0.0752
753	0.0753
754	0.0754
755	0.0755
756	0.0756
757	0.0757
758	0.0758
759	0.0759
760	0.076
761	0.0761
762	0.0762
763	0.0763
764	0.0764
765	0.0765
766	0.0766
767	0.0767
768	0.0768
769	0.0769
770	0.077
771	0.0771
772	0.0772
773	0.0773
774	0.0774
775	0.0775
776	0.0776
777	0.0777
778	0.0778
779	0.0779
780	0.078
781	0.0781
782	0.0782
783	0.0783
784	0.0784
785	0.0785
786	0.0786
787	0.0787
788	0.0788
789	0.0789
790	0.079
791	0.0791
792	0.0792
793	0.0793
794	0.0794
795	0.0795
796	0.0796
797	0.0797
798	0.0798
799	0.0799
800	0.08
801	0.0801
802	0.0802
803	0.0803
804	0.0804
805	0.0805
806	0.0806
807	0.0807
808	0.0808
809	0.0809
810	0.081
811	0.0811
812	0.0812
813	0.0813
814	0.0814
815	0.0815
816	0.0816
817	0.0817
818	0.0818
819	0.0819
820	0.082
821	0.0821
822	0.0822
823	0.0823
824	0.0824
825	0.0825
826	0.0826
827	0.0827
828	0.0828
829	0.0829
830	0.083
831	0.0831
832	0.0832
833	0.0833
834	0.0834
835	0.0835
836	0.0836
837	0.0837
838	0.0838
839	0.0839
840	0.084
841	0.0841
842	0.0842
843	0.0843
844	0.0844
845	0.0845
846	0.0846
847	0.0847
848	0.0848
849	0.0849
850	0.085
851	0.0851
852	0.085106383
853	0.0851914894
854	0.0852914894
855	0.0853914894
856	0.0854914894
857	0.0855914894
858	0.0856914894
859	0.0857914894
860	0.0858914894
861	0.0859914894
862	0.0860914894
863	0.0861914894
864	0.0862914894
865	0.0863914894
866	0.0864914894
867	0.0865914894
868	0.0866914894
869	0.0867914894
870	0.0868914894
871	0.0869914894
872	0.0870914894
873	0.0871914894
874	0.0872914894
875	0.0873914894
876	0.0874914894
877	0.0875914894
878	0.0876914894
879	0.0877914894
880	0.0878914894
881	0.0879914894
882	0.0880914894
883	0.0881914894
884	0.0882914894
885	0.0883914894
886	0.0884914894
887	0.0885914894
888	0.0886914894
889	0.0887914894
890	0.0888914894
891	0.0889914894
892	0.0890914894
893	0.0891914894
894	0.0892914894
895	0.0893914894
896	0.0894914894
897	0.0895914894
898	0.0896914894
899	0.0897914894
900	0.0898914894
901	0.0899914894
902	0.0900914894
903	0.0901914894
904	0.0902914894
905	0.0903914894
906	0.0904914894
907	0.0905914894
908	0.0906914894
909	0.0907914894
910	0.0908914894
911	0.0909914894
912	0.0910914894
913	0.0911914894
914	0.0912914894
915	0.0913914894
916	0.0914914894
917	0.0915914894
918	0.0916914894
919	0.0917914894
920	0.0918914894
921	0.0919914894
922	0.0920914894
923	0.0921914894
924	0.0922914894
925	0.0923914894
926	0.0924914894
927	0.0925914894
928	0.0926914894
929	0.0927914894
930	0.0928914894
931	0.0929914894
932	0.0930914894
933	0.0931914894
934	0.0932914894
935	0.0933914894
936	0.0934914894
937	0.0935914894
938	0.0936914894
939	0.0937914894
940	0.0938914894
941	0.0939914894
942	0.0940914894
943	0.0941914894
944	0.0942914894
945	0.0943914894
946	0.0944914894
947	0.0945914894
948	0.0946914894
949	0.0947914894
950	0.0948914894
951	0.0949914894
952	0.0950914894
953	0.0951914894
954	0.0952914894
955	0.0953914894
956	0.0954914894
957	0.0955914894
958	0.0956914894
959	0.0957914894
960	0.0958914894
961	0.0959914894
962	0.0960914894
963	0.0961914894
964	0.0962914894
965	0.0963914894
966	0.0964914894
967	0.0965914894
968	0.0966914894
969	0.0967914894
970	0.0968914894
971	0.0969914894
972	0.0970914894
973	0.0971914894
974	0.0972914894
975	0.0973914894
976	0.0974914894
977	0.0975914894
978	0.0976914894
979	0.0977914894
980	0.0978914894
981	0.0979914894
982	0.0980914894
983	0.0981914894
984	0.0982914894
985	0.0983914894
986	0.0984914894
987	0.0985914894
988	0.0986914894
989	0.0987914894
990	0.0988914894
991	0.0989914894
992	0.0990914894
993	0.0991914894
994	0.0992914894
995	0.0993914894
996	0.0994914894
997	0.0995914894
998	0.0996914894
999	0.0997914894
1000	0.0998914894
1001	0.0999914894
1002	0.1000914894
1003	0.1001914894
1004	0.1002914894
1005	0.1003914894
1006	0.1004914894
1007	0.1005914894
1008	0.1006914894
1009	0.1007914894
1010	0.1008914894
1011	0.1009914894
1012	0.1010914894
1013	0.1011914894
1014	0.1012914894
1015	0.1013914894
1016	0.1014914894
1017	0.1015914894
1018	0.1016914894
1019	0.1017914894
1020	0.1018914894
1021	0.1019914894
1022	0.1020914894
1023	0.1021914894
1024	0.1022914894
1025	0.1023914894
1026	0.1024914894
1027	0.1025914894
1028	0.1026914894
1029	0.1027914894
1030	0.1028914894
1031	0.1029914894
1032	0.1030914894
1033	0.1031914894
1034	0.1032914894
1035	0.1033914894
1036	0.1034914894
1037	0.1035914894
1038	0.1036914894
1039	0.1037914894
1040	0.1038914894
1041	0.1039914894
1042	0.1040914894
1043	0.1041914894
1044	0.1042914894
1045	0.1043914894
1046	0.1044914894
1047	0.1045914894
1048	0.1046914894
1049	0.1047914894
1050	0.1048914894
1051	0.1049914894
1052	0.1050914894
1053	0.1051914894
1054	0.1052914894
1055	0.1053914894
1056	0.1054914894
1057	0.1055914894
1058	0.1056914894
1059	0.1057914894
1060	0.1058914894
1061	0.1059914894
1062	0.1060914894
1063	0.1061914894
1064	0.1062914894
1065	0.1063914894
1066	0.1064914894
1067	0.1065914894
1068	0.1066914894
1069	0.1067914894
1070	0.1068914894
1071	0.1069914894
1072	0.1070914894
1073	0.1071914894
1074	0.1072914894
1075	0.1073914894
1076	0.1074914894
1077	0.1075914894
1078	0.1076914894
1079	0.1077914894
1080	0.1078914894
1081	0.1079914894
1082	0.1080914894
1083	0.1081914894
1084	0.1082914894
1085	0.1083914894
1086	0.1084914894
1087	0.1085914894
1088	0.1086914894
1089	0.1087914894
1090	0.1088914894
1091	0.1089914894
1092	0.1090914894
1093	0.1091914894
1094	0.1092914894
1095	0.1093914894
1096	0.1094914894
1097	0.1095914894
1098	0.1096914894
1099	0.1097914894
1100	0.1098914894
1101	0.1099914894
1102	0.1100914894
1103	0.1101914894
1104	0.1102914894
1105	0.1103914894
1106	0.1104914894
1107	0.1105914894
1108	0.1106914894
1109	0.1107914894
1110	0.1108914894
1111	0.1109914894
1112	0.1110914894
1113	0.1111914894
1114	0.1112914894
1115	0.1113914894
1116	0.1114914894
1117	0.1115914894
1118	0.1116914894
1119	0.1117914894
1120	0.1118914894
1121	0.1119914894
1122	0.1120914894
1123	0.1121914894
1124	0.1122914894
1125	0.1123914894
1126	0.1124914894
1127	0.1125914894
1128	0.1126914894
1129	0.1127914894
1130	0.1128914894
1131	0.1129914894
1132	0.1130914894
1133	0.1131914894
1134	0.1132914894
1135	0.1133914894
1136	0.1134914894
1137	0.1135914894
1138	0.1136914894
1139	0.1137914894
1140	0.1138914894
1141	0.1139914894
1142	0.1140914894
1143	0.1141914894
1144	0.1142914894
1145	0.1143914894
1146	0.1144914894
1147	0.1145914894
1148	0.1146914894
1149	0.1147914894
1150	0.1148914894
1151	0.1149914894
1152	0.1150914894
1153	0.1151914894
1154	0.1152914894
1155	0.1153914894
1156	0.1154914894
1157	0.1155914894
1158	0.1156914894
1159	0.1157914894
1160	0.1158914894
1161	0.1159914894
1162	0.1160914894
1163	0.1161914894
1164	0.1162914894
1165	0.1163914894
1166	0.1164914894
1167	0.1165914894
1168	0.1166914894
1169	0.1167914894
1170	0.1168914894
1171	0.1169914894
1172	0.1170914894
1173	0.1171914894
1174	0.1172914894
1175	0.1173914894
1176	0.1174914894
1177	0.1175914894
1178	0.1176914894
1179	0.1177914894
1180	0.1178914894
1181	0.1179914894
1182	0.1180914894
1183	0.1181914894
1184	0.1182914894
1185	0.1183914894
1186	0.1184914894
1187	0.1185914894
1188	0.1186914894
1189	0.1187914894
1190	0.1188914894
1191	0.1189914894
1192	0.1190914894
1193	0.1191914894
1194	0.1192914894
1195	0.1193914894
1196	0.1194914894
1197	0.1195914894
1198	0.1196914894
1199	0.1197914894
1200	0.1198914894
1201	0.1199914894
1202	0.1200914894
1203	0.1201914894
1204	0.1202914894
1205	0.1203914894
1206	0.1204914894
1207	0.1205914894
1208	0.1206914894
1209	0.1207914894
1210	0.1208914894
1211	0.1209914894
1212	0.1210914894
1213	0.1211914894
1214	0.1212914894
1215	0.1213914894
1216	0.1214914894
1217	0.1215914894
1218	0.1216914894
1219	0.1217914894
1220	0.1218914894
1221	0.1219914894
1222	0.1220914894
1223	0.1221914894
1224	0.1222914894
1225	0.1223914894
1226	0.1224914894
1227	0.1225914894
1228	0.1226914894
1229	0.1227914894
1230	0.1228914894
1231	0.1229914894
1232	0.1230914894
1233	0.1231914894
1234	0.1232914894
1235	0.1233914894
1236	0.1234914894
1237	0.1235914894
1238	0.1236914894
1239	0.1237914894
1240	0.1238914894
1241	0.1239914894
1242	0.1240914894
1243	0.1241914894
1244	0.1242914894
1245	0.1243914894
1246	0.1244914894
1247	0.1245914894
1248	0.1246914894
1249	0.1247914894
1250	0.1248914894
1251	0.1249914894
1252	0.1250914894
1253	0.1251914894
1254	0.1252914894
1255	0.1253914894
1256	0.1254914894
1257	0.1255914894
1258	0.1256914894
1259	0.1257914894
1260	0.1258914894
1261	0.1259914894
1262	0.1260914894
1263	0.1261914894
1264	0.1262914894
1265	0.1263914894
1266	0.1264914894
1267	0.1265914894
1268	0.1266914894
1269	0.1267914894
1270	0.1268914894
1270	0.1267914894
1270	0.1268914894
1271	0.1269914894
1272	0.1270914894
1273	0.1271914894
1274	0.1272914894
1275	0.1273914894
1276	0.1274914894
1277	0.1275914894
1278	0.1276914894
1279	0.1277914894
1280	0.1278914894
1281	0.1279914894
1282	0.1280914894
1283	0.1281914894
1284	0.1282914894
1285	0.1283914894
1286	0.1284914894
1287	0.1285914894
1288	0.1286914894
1289	0.1287914894
1290	0.1288914894
1291	0.1289914894
1292	0.1290914894
1293	0.1291914894
1294	0.1292914894
1295	0.1293914894
1296	0.1294914894
1297	0.1295914894
1298	0.1296914894
1299	0.1297914894
1300	0.1298914894
1301	0.1299914894
1302	0.1300914894
1303	0.1301914894
1304	0.1302914894
1305	0.1303914894
1306	0.1304914894
1307	0.1305914894
1308	0.1306914894
1309	0.1307914894
1310	0.1308914894
1311	0.1309914894
1312	0.1310914894
1313	0.1311914894
1314	0.1312914894
1315	0.1313914894
1316	0.1314914894
1317	0.1315914894
1318	0.1316914894
1319	0.1317914894
1320	0.1318914894
1321	0.1319914894
1322	0.1320914894
1323	0.1321914894
1324	0.1322914894
1325	0.1323914894
1326	0.1324914894
1327	0.1325914894
1328	0.1326914894
1329	0.1327914894
1330	0.1328914894
1331	0.1329914894
1332	0.1330914894
1333	0.1331914894
1334	0.1332914894
1335	0.1333914894
1336	0.1334914894
1337	0.1335914894
1338	0.1336914894
1339	0.1337914894
1340	0.1338914894
1341	0.1339914894
1342	0.1340914894
1343	0.1341914894
1344	0.1342914894
1345	0.1343914894
1346	0.1344914894
1347	0.1345914894
1348	0.1346914894
1349	0.1347914894
1350	0.1348914894
1351	0.1349914894
1352	0.1350914894
1353	0.1351914894
1354	0.1352914894
1355	0.1353914894
1356	0.1354914894
1357	0.1355914894
1358	0.1356914894
1359	0.1357914894
1360	0.1358914894
1361	0.1359914894
1362	0.1360914894
1363	0.1361914894
1364	0.1362914894
1365	0.1363914894
1366	0.1364914894
1367	0.1365914894
1368	0.1366914894
1369	0.1367914894
1370	0.1368914894
1371	0.1369914894
1372	0.1370914894
1373	0.1371914894
1374	0.1372914894
1375	0.1373914894
1376	0.1374914894
1377	0.1375914894
1378	0.1376914894
1379	0.1377914894
1380	0.1378914894
1381	0.1379914894
1382	0.1380914894
1383	0.1381914894
1384	0.1382914894
1385	0.1383914894
1386	0.1384914894
1387	0.1385914894
1388	0.1386914894
1389	0.1387914894
1390	0.1388914894
1391	0.1389914894
1392	0.1390914894
1393	0.1391914894
1394	0.1392914894
1395	0.1393914894
1396	0.1394914894
1397	0.1395914894
1398	0.1396914894
1399	0.1397914894
1400	0.1398914894
1401	0.1399914894
1402	0.1400914894
1403	0.1401914894
1404	0.1402914894
1405	0.1403914894
1406	0.1404914894
1407	0.1405914894
1408	0.1406914894
1409	0.1407914894
1410	0.1408914894
1411	0.1409914894
1412	0.1410914894
1413	0.1411914894
1414	0.1412914894
1415	0.1413914894
1416	0.1414914894
1417	0.1415914894
1418	0.1416914894
1419	0.1417914894
1420	0.1418914894
1421	0.1419914894
1422	0.1420914894
1423	0.1421914894
1424	0.1422914894
1425	0.1423914894
1426	0.1424914894
1427	0.1425914894
1428	0.1426914894
1429	0.1427914894
1430	0.1428914894
1431	0.1429914894
1432	0.1430914894
1433	0.1431914894
1434	0.1432914894
1435	0.1433914894
1436	0.1434914894
1437	0.1435914894
1438	0.1436914894
1439	0.1437914894
1440	0.1438914894
1441	0.1439914894
1442	0.1440914894
1443	0.1441914894
1444	0.1442914894
1445	0.1443914894
1446	0.1444914894
1447	0.1445914894
1448	0.1446914894
1449	0.1447914894
1450	0.1448914894
1451	0.1449914894
1452	0.1450914894
1453	0.1451914894
1454	0.1452914894
1455	0.1453914894
1456	0.1454914894
1457	0.1455914894
1458	0.1456914894
1459	0.1457914894
1460	0.1458914894
1461	0.1459914894
1462	0.1460914894
1463	0.1461914894
1464	0.1462914894
1465	0.1463914894
1466	0.1464914894
1467	0.1465914894
1468	0.1466914894
1469	0.1467914894
1470	0.1468914894
1471	0.1469914894
1472	0.1470914894
1473	0.1471914894
1474	0.1472914894
1475	0.1473914894
1476	0.1474914894
1477	0.1475914894
1478	0.1476914894
1479	0.1477914894
1480	0.1478914894
1481	0.1479914894
1482	0.1480914894
1483	0.1481914894
1484	0.1482914894
1485	0.1483914894
1486	0.1484914894
1487	0.1485914894
1488	0.1486914894
1489	0.1487914894
1490	0.1488914894
1491	0.1489914894
1492	0.1490914894
1493	0.1491914894
1494	0.1492914894
1495	0.1493914894
1496	0.1494914894
1497	0.1495914894
1498	0.1496914894
1499	0.1497914894
1500	0.1498914894
1501	0.1499914894
1502	0.1500914894
1503	0.1501914894
1504	0.1502914894
1505	0.1503914894
1506	0.1504914894
1507	0.1505914894
1508	0.1506914894
1509	0.1507914894
1510	0.1508914894
1511	0.1509914894
1512	0.1510914894
1513	0.1511914894
1514	0.1512914894
1515	0.1513914894
1516	0.1514914894
1517	0.1515914894
1518	0.1516914894
1519	0.1517914894
1520	0.1518914894
1521	0.1519914894
1522	0.1520914894
1523	0.1521914894
1524	0.1522914894
1525	0.1523914894
1526	0.1524914894
1527	0.1525914894
1528	0.1526914894
1529	0.1527914894
1530	0.1528914894
1531	0.1529914894
1532	0.1530914894
1533	0.1531914894
1534	0.1532914894
1535	0.1533914894
1536	0.1534914894
1537	0.1535914894
1538	0.1536914894
1539	0.1537914894
1540	0.1538914894
1541	0.1539914894
1542	0.1540914894
1543	0.1541914894
1544	0.1542914894
1545	0.1543914894
1546	0.1544914894
1547	0.1545914894
1548	0.1546914894
1549	0.1547914894
1550	0.1548914894
1551	0.1549914894
1552	0.1550914894
1553	0.1551914894
1554	0.1552914894
1555	0.1553914894
1556	0.1554914894
1557	0.1555914894
1558	0.1556914894
1559	0.1557914894
1560	0.1558914894
1561	0.1559914894
1562	0.1560914894
1563	0.1561914894
1564	0.1562914894
1565	0.1563914894
1566	0.1564914894
1567	0.1565914894
1568	0.1566914894
1569	0.1567914894
1570	0.1568914894
1571	0.1569914894
1572	0.1570914894
1573	0.1571914894
1574	0.1572914894
1575	0.1573914894
1576	0.1574914894
1577	0.1575914894
1578	0.1576914894
1579	0.1577914894
1580	0.1578914894
1581	0.1579914894
1582	0.1580914894
1583	0.1581914894
1584	0.1582914894
1585	0.1583914894
1586	0.1584914894
1587	0.1585914894
1588	0.1586914894
1589	0.1587914894
1590	0.1588914894
1591	0.1589914894
1592	0.1590914894
1593	0.1591914894
1594	0.1592914894
1595	0.1593914894
1596	0.1594914894
1597	0.1595914894
1598	0.1596914894
1599	0.1597914894
1600	0.1598914894
1601	0.1599914894
1602	0.1600914894
1603	0.1601914894
1604	0.1602914894
1605	0.1603914894
1606	0.1604914894
1607	0.1605914894
1608	0.1606914894
1609	0.1607914894
1610	0.1608914894
1611	0.1609914894
1612	0.1610914894
1613	0.1611914894
1614	0.1612914894
1615	0.1613914894
1616	0.1614914894
1617	0.1615914894
1618	0.1616914894
1619	0.1617914894
1620	0.1618914894
1621	0.1619914894
1622	0.1620914894
1623	0.1621914894
1624	0.1622914894
1625	0.1623914894
1626	0.1624914894
1627	0.1625914894
1628	0.1626914894
1629	0.1627914894
1630	0.1628914894
1631	0.1629914894
1632	0.1630914894
1633	0.1631914894
1634	0.1632914894
1635	0.1633914894
1636	0.1634914894
1637	0.1635914894
1638	0.1636914894
1639	0.1637914894
1640	0.1638914894
1641	0.1639914894
1642	0.1640914894
1643	0.1641914894
1644	0.1642914894
1645	0.1643914894
1646	0.1644914894
1647	0.1645914894
1648	0.1646914894
1649	0.1647914894
1650	0.1648914894
1651	0.1649914894
1652	0.1650914894
1653	0.1651914894
1654	0.1652914894
1655	0.1653914894
1656	0.1654914894
1657	0.1655914894
1658	0.1656914894
1659	0.1657914894
1660	0.1658914894
1661	0.1659914894
1662	0.1660914894
1663	0.1661914894
1664	0.1662914894
1665	0.1663914894
1666	0.1664914894
1667	0.1665914894
1668	0.1666914894
1669	0.1667914894
1670	0.1668914894
1671	0.1669914894
1672	0.1670914894
1673	0.1671914894
1674	0.1672914894
1675	0.1673914894
1676	0.1674914894
1677	0.1675914894
1678	0.1676914894
1679	0.1677914894
1680	0.1678914894
1681	0.1679914894
1682	0.1680914894
1683	0.1681914894
1684	0.1682914894
1685	0.1683914894
1686	0.1684914894
1687	0.1685914894
1688	0.1686914894
1689	0.1687914894
1690	0.1688914894
1691	0.1689914894
1692	0.1690914894
1693	0.1691914894
1694	0.1692914894
1695	0.1693914894
1696	0.1694914894
1697	0.1695914894
1698	0.1696914894
1699	0.1697914894
1700	0.1698914894
1701	0.1699914894
1702	0.1700914894
1703	0.1701914894
1704	0.1702914894
1705	0.1702978723
1706	0.1703829787
1707	0.1704829787
1708	0.1705829787
1709	0.1706829787
1710	0.1707829787
1711	0.1708829787
1712	0.1709829787
1713	0.1710829787
1714	0.1711829787
1715	0.1712829787
1716	0.1713829787
1717	0.1714829787
1718	0.1715829787
1719	0.1716829787
1720	0.1717829787
1721	0.1718829787
1722	0.1719829787
1723	0.1720829787
1724	0.1721829787
1725	0.1722829787
1726	0.1723829787
1727	0.1724829787
1728	0.1725829787
1729	0.1726829787
1730	0.1727829787
1731	0.1728829787
1732	0.1729829787
1733	0.1730829787
1734	0.1731829787
1735	0.1732829787
1736	0.1733829787
1737	0.1734829787
1738	0.1735829787
1739	0.1736829787
1740	0.1737829787
1741	0.1738829787
1742	0.1739829787
1743	0.1740829787
1744	0.1741829787
1745	0.1742829787
1746	0.1743829787
1747	0.1744829787
1748	0.1745829787
1749	0.1746829787
1750	0.1747829787
1751	0.1748829787
1752	0.1749829787
1753	0.1750829787
1754	0.1751829787
1755	0.1752829787
1756	0.1753829787
1757	0.1754829787
1758	0.1755829787
1759	0.1756829787
1760	0.1757829787
1761	0.1758829787
1762	0.1759829787
1763	0.1760829787
1764	0.1761829787
1765	0.1762829787
1766	0.1763829787
1767	0.1764829787
1768	0.1765829787
1769	0.1766829787
1770	0.1767829787
1771	0.1768829787
1772	0.1769829787
1773	0.1770829787
1774	0.1771829787
1775	0.1772829787
1776	0.1773829787
1777	0.1774829787
1778	0.1775829787
1779	0.1776829787
1780	0.1777829787
1781	0.1778829787
1782	0.1779829787
1783	0.1780829787
1784	0.1781829787
1785	0.1782829787
1786	0.1783829787
1787	0.1784829787
1788	0.1785829787
1789	0.1786829787
1790	0.1787829787
1791	0.1788829787
1792	0.1789829787
1793	0.1790829787
1794	0.1791829787
1795	0.1792829787
1796	0.1793829787
1797	0.1794829787
1798	0.1795829787
1799	0.1796829787
1800	0.1797829787
1801	0.1798829787
1802	0.1799829787
1803	0.1800829787
1804	0.1801829787
1805	0.1802829787
1806	0.1803829787
1807	0.1804829787
1808	0.1805829787
1809	0.1806829787
1810	0.1807829787
1811	0.1808829787
1812	0.1809829787
1813	0.1810829787
1814	0.1811829787
1815	0.1812829787
1816	0.1813829787
1817	0.1814829787
1818	0.1815829787
1819	0.1816829787
1820	0.1817829787
1821	0.1818829787
1822	0.1819829787
1823	0.1820829787
1824	0.1821829787
1825	0.1822829787
1826	0.1823829787
1827	0.1824829787
1828	0.1825829787
1829	0.1826829787
1830	0.1827829787
1831	0.1828829787
1832	0.1829829787
1833	0.1830829787
1834	0.1831829787
1835	0.1832829787
1836	0.1833829787
1837	0.1834829787
1838	0.1835829787
1839	0.1836829787
1840	0.1837829787
1841	0.1838829787
1842	0.1839829787
1843	0.1840829787
1844	0.1841829787
1845	0.1842829787
1846	0.1843829787
1847	0.1844829787
1848	0.1845829787
1849	0.1846829787
1850	0.1847829787
1851	0.1848829787
1852	0.1849829787
1853	0.1850829787
1854	0.1851829787
1855	0.1852829787
1856	0.1853829787
1857	0.1854829787
1858	0.1855829787
1859	0.1856829787
1860	0.1857829787
1861	0.1858829787
1862	0.1859829787
1863	0.1860829787
1864	0.1861829787
1865	0.1862829787
1866	0.1863829787
1867	0.1864829787
1868	0.1865829787
1869	0.1866829787
1870	0.1867829787
1871	0.1868829787
1872	0.1869829787
1873	0.1870829787
1874	0.1871829787
1875	0.1872829787
1876	0.1873829787
1877	0.1874829787
1878	0.1875829787
1879	0.1876829787
1880	0.1877829787
1881	0.1878829787
1882	0.1879829787
1883	0.1880829787
1884	0.1881829787
1885	0.1882829787
1886	0.1883829787
1887	0.1884829787
1888	0.1885829787
1889	0.1886829787
1890	0.1887829787
1891	0.1888829787
1892	0.1889829787
1893	0.1890829787
1894	0.1891829787
1895	0.1892829787
1896	0.1893829787
1897	0.1894829787
1898	0.1895829787
1899	0.1896829787
1900	0.1897829787
1901	0.1898829787
1902	0.1899829787
1903	0.1900829787
1904	0.1901829787
1905	0.1902829787
1906	0.1903829787
1907	0.1904829787
1908	0.1905829787
1909	0.1906829787
1910	0.1907829787
1911	0.1908829787
1912	0.1909829787
1913	0.1910829787
1914	0.1911829787
1915	0.1912829787
1916	0.1913829787
1917	0.1914829787
1918	0.1915829787
1919	0.1916829787
1920	0.1917829787
1921	0.1918829787
1922	0.1919829787
1923	0.1920829787
1924	0.1921829787
1925	0.1922829787
1926	0.1923829787
1927	0.1924829787
1928	0.1925829787
1929	0.1926829787
1930	0.1927829787
1931	0.1928829787
1932	0.1929829787
1933	0.1930829787
1934	0.1931829787
1935	0.1932829787
1936	0.1933829787
1937	0.1934829787
1938	0.1935829787
1939	0.1936829787
1940	0.1937829787
1941	0.1938829787
1942	0.1939829787
1943	0.1940829787
1944	0.1941829787
1945	0.1942829787
1946	0.1943829787
1947	0.1944829787
1948	0.1945829787
1949	0.1946829787
1950	0.1947829787
1951	0.1948829787
1952	0.1949829787
1953	0.1950829787
1954	0.1951829787
1955	0.1952829787
1956	0.1953829787
1957	0.1954829787
1958	0.1955829787
1959	0.1956829787
1960	0.1957829787
1961	0.1958829787
1962	0.1959829787
1963	0.1960829787
1964	0.1961829787
1965	0.1962829787
1966	0.1963829787
1967	0.1964829787
1968	0.1965829787
1969	0.1966829787
1970	0.1967829787
1971	0.1968829787
1972	0.1969829787
1973	0.1970829787
1974	0.1971829787
1975	0.1972829787
1976	0.1973829787
1977	0.1974829787
1978	0.1975829787
1979	0.1976829787
1980	0.1977829787
1981	0.1978829787
1982	0.1979829787
1983	0.1980829787
1984	0.1981829787
1985	0.1982829787
1986	0.1983829787
1987	0.1984829787
1988	0.1985829787
1989	0.1986829787
1990	0.1987829787
1991	0.1988829787
1992	0.1989829787
1993	0.1990829787
1994	0.1991829787
1995	0.1992829787
1996	0.1993829787
1997	0.1994829787
1998	0.1995829787
1999	0.1996829787
2000	0.1997829787
2001	0.1998829787
2002	0.1999829787
2003	0.2000829787
2004	0.2001829787
2005	0.2002829787
2006	0.2003829787
2007	0.2004829787
2008	0.2005829787
2009	0.2006829787
2010	0.2007829787
2011	0.2008829787
2012	0.2009829787
2013	0.2010829787
2014	0.2011829787
2015	0.2012829787
2016	0.2013829787
2017	0.2014829787
2018	0.2015829787
2019	0.2016829787
2020	0.2017829787
2021	0.2018829787
2022	0.2019829787
2023	0.2020829787
2024	0.2021829787
2025	0.2022829787
2026	0.2023829787
2027	0.2024829787
2028	0.2025829787
2029	0.2026829787
2030	0.2027829787
2031	0.2028829787
2032	0.2029829787
2033	0.2030829787
2034	0.2031829787
2035	0.2032829787
2036	0.2033829787
2037	0.2034829787
2038	0.2035829787
2039	0.2036829787
2040	0.2037829787
2041	0.2038829787
2042	0.2039829787
2043	0.2040829787
2044	0.2041829787
2045	0.2042829787
2046	0.2043829787
2047	0.2044829787
2048	0.2045829787
2049	0.2046829787
2050	0.2047829787
2051	0.2048829787
2052	0.2049829787
2053	0.2050829787
2054	0.2051829787
2055	0.2052829787
2056	0.2053829787
2057	0.2054829787
2058	0.2055829787
2059	0.2056829787
2060	0.2057829787
2061	0.2058829787
2062	0.2059829787
2063	0.2060829787
2064	0.2061829787
2065	0.2062829787
2066	0.2063829787
2067	0.2064829787
2068	0.2065829787
2069	0.2066829787
2070	0.2067829787
2071	0.2068829787
2072	0.2069829787
2073	0.2070829787
2074	0.2071829787
2075	0.2072829787
2076	0.2073829787
2077	0.2074829787
2078	0.2075829787
2079	0.2076829787
2080	0.2077829787
2081	0.2078829787
2082	0.2079829787
2083	0.2080829787
2084	0.2081829787
2085	0.2082829787
2086	0.2083829787
2087	0.2084829787
2088	0.2085829787
2089	0.2086829787
2090	0.2087829787
2091	0.2088829787
2092	0.2089829787
2093	0.2090829787
2094	0.2091829787
2095	0.2092829787
2096	0.2093829787
2097	0.2094829787
2098	0.2095829787
2099	0.2096829787
2100	0.2097829787
2101	0.2098829787
2102	0.2099829787
2103	0.2100829787
2104	0.2101829787
2105	0.2102829787
2106	0.2103829787
2107	0.2104829787
2108	0.2105829787
2109	0.2106829787
2110	0.2107829787
2111	0.2108829787
2112	0.2109829787
2113	0.2110829787
2114	0.2111829787
2115	0.2112829787
2116	0.2113829787
2117	0.2114829787
2118	0.2115829787
2119	0.2116829787
2120	0.2117829787
2121	0.2118829787
2122	0.2119829787
2123	0.2120829787
2124	0.2121829787
2125	0.2122829787
2126	0.2123829787
2127	0.2124829787
2128	0.2125829787
2129	0.2126829787
2130	0.2127829787
2131	0.2128829787
2132	0.2129829787
2133	0.2130829787
2134	0.2131829787
2135	0.2132829787
2136	0.2133829787
2137	0.2134829787
2138	0.2135829787
2139	0.2136829787
2140	0.2137829787
2141	0.2138829787
2142	0.2139829787
2143	0.2140829787
2144	0.2141829787
2145	0.2142829787
2146	0.2143829787
2147	0.2144829787
2148	0.2145829787
2149	0.2146829787
2150	0.2147829787
2151	0.2148829787
2152	0.2149829787
2153	0.2150829787
2154	0.2151829787
2155	0.2152829787
2156	0.2153829787
2157	0.2154829787
2158	0.2155829787
2159	0.2156829787
2160	0.2157829787
2161	0.2158829787
2162	0.2159829787
2163	0.2160829787
2164	0.2161829787
2165	0.2162829787
2166	0.2163829787
2167	0.2164829787
2168	0.2165829787
2169	0.2166829787
2170	0.2167829787
2171	0.2168829787
2172	0.2169829787
2173	0.2170829787
2174	0.2171829787
2175	0.2172829787
2176	0.2173829787
2177	0.2174829787
2178	0.2175829787
2179	0.2176829787
2180	0.2177829787
2181	0.2178829787
2182	0.2179829787
2183	0.2180829787
2184	0.2181829787
2185	0.2182829787
2186	0.2183829787
2187	0.2184829787
2188	0.2185829787
2189	0.2186829787
2190	0.2187829787
2191	0.2188829787
2192	0.2189829787
2193	0.2190829787
2194	0.2191829787
2195	0.2192829787
2196	0.2193829787
2197	0.2194829787
2198	0.2195829787
2199	0.2196829787
2200	0.2197829787
2201	0.2198829787
2202	0.2199829787
2203	0.2200829787
2204	0.2201829787
2205	0.2202829787
2206	0.2203829787
2207	0.2204829787
2208	0.2205829787
2209	0.2206829787
2210	0.2207829787
2211	0.2208829787
2212	0.2209829787
2213	0.2210829787
2214	0.2211829787
2215	0.2212829787
2216	0.2213829787
2217	0.2214829787
2218	0.2215829787
2219	0.2216829787
2220	0.2217829787
2221	0.2218829787
2222	0.2219829787
2223	0.2220829787
2224	0.2221829787
2225	0.2222829787
2226	0.2223829787
2227	0.2224829787
2228	0.2225829787
2229	0.2226829787
2230	0.2227829787
2231	0.2228829787
2232	0.2229829787
2233	0.2230829787
2234	0.2231829787
2235	0.2232829787
2236	0.2233829787
2237	0.2234829787
2238	0.2235829787
2239	0.2236829787
2240	0.2237829787
2241	0.2238829787
2242	0.2239829787
2243	0.2240829787
2244	0.2241829787
2245	0.2242829787
2246	0.2243829787
2247	0.2244829787
2248	0.2245829787
2249	0.2246829787
2250	0.2247829787
2251	0.2248829787
2252	0.2249829787
2253	0.2250829787
2254	0.2251829787
2255	0.2252829787
2256	0.2253829787
2257	0.2254829787
2258	0.2255829787
2259	0.2256829787
2260	0.2257829787
2261	0.2258829787
2262	0.2259829787
2263	0.2260829787
2264	0.2261829787
2265	0.2262829787
2266	0.2263829787
2267	0.2264829787
2268	0.2265829787
2269	0.2266829787
2270	0.2267829787
2271	0.2268829787
2272	0.2269829787
2273	0.2270829787
2274	0.2271829787
2275	0.2272829787
2276	0.2273829787
2277	0.2274829787
2278	0.2275829787
2279	0.2276829787
2280	0.2277829787
2281	0.2278829787
2282	0.2279829787
2283	0.2280829787
2284	0.2281829787
2285	0.2282829787
2286	0.2283829787
2287	0.2284829787
2288	0.2285829787
2289	0.2286829787
2290	0.2287829787
2291	0.2288829787
2292	0.2289829787
2293	0.2290829787
2294	0.2291829787
2295	0.2292829787
2296	0.2293829787
2297	0.2294829787
2298	0.2295829787
2299	0.2296829787
2300	0.2297829787
2301	0.2298829787
2302	0.2299829787
2303	0.2300829787
2304	0.2301829787
2305	0.2302829787
2306	0.2303829787
2307	0.2304829787
2308	0.2305829787
2309	0.2306829787
2310	0.2307829787
2311	0.2308829787
2312	0.2309829787
2313	0.2310829787
2314	0.2311829787
2315	0.2312829787
2316	0.2313829787
2317	0.2314829787
2318	0.2315829787
2319	0.2316829787
2320	0.2317829787
2321	0.2318829787
2322	0.2319829787
2323	0.2320829787
2324	0.2321829787
2325	0.2322829787
2326	0.2323829787
2327	0.2324829787
2328	0.2325829787
2329	0.2326829787
2330	0.2327829787
2331	0.2328829787
2332	0.2329829787
2333	0.2330829787
2334	0.2331829787
2335	0.2332829787
2336	0.2333829787
2337	0.2334829787
2338	0.2335829787
2339	0.2336829787
2340	0.2337829787
2341	0.2338829787
2342	0.2339829787
2343	0.2340829787
2344	0.2341829787
2345	0.2342829787
2346	0.2343829787
2347	0.2344829787
2348	0.2345829787
2349	0.2346829787
2350	0.2347829787
2351	0.2348829787
2352	0.2349829787
2353	0.2350829787
2354	0.2351829787
2355	0.2352829787
2356	0.2353829787
2357	0.2354829787
2358	0.2355829787
2359	0.2356829787
2360	0.2357829787
2361	0.2358829787
2362	0.2359829787
2363	0.2360829787
2364	0.2361829787
2365	0.2362829787
2366	0.2363829787
2367	0.2364829787
2368	0.2365829787
2369	0.2366829787
2370	0.2367829787
2371	0.2368829787
2372	0.2369829787
2373	0.2370829787
2374	0.2371829787
2375	0.2372829787
2376	0.2373829787
2377	0.2374829787
2378	0.2375829787
2379	0.2376829787
2380	0.2377829787
2381	0.2378829787
2382	0.2379829787
2383	0.2380829787
2384	0.2381829787
2385	0.2382829787
2386	0.2383829787
2387	0.2384829787
2388	0.2385829787
2389	0.2386829787
2390	0.2387829787
2391	0.2388829787
2392	0.2389829787
2393	0.2390829787
2394	0.2391829787
2395	0.2392829787
2396	0.2393829787
2397	0.2394829787
2398	0.2395829787
2399	0.2396829787
2400	0.2397829787
2401	0.2398829787
2402	0.2399829787
2403	0.2400829787
2404	0.2401829787
2405	0.2402829787
2406	0.2403829787
2407	0.2404829787
2408	0.2405829787
2409	0.2406829787
2410	0.2407829787
2411	0.2408829787
2412	0.2409829787
2413	0.2410829787
2414	0.2411829787
2415	0.2412829787
2416	0.2413829787
2417	0.2414829787
2418	0.2415829787
2419	0.2416829787
2420	0.2417829787
2421	0.2418829787
2422	0.2419829787
2423	0.2420829787
2424	0.2421829787
2425	0.2422829787
2426	0.2423829787
2427	0.2424829787
2428	0.2425829787
2429	0.2426829787
2430	0.2427829787
2431	0.2428829787
2432	0.2429829787
2433	0.2430829787
2434	0.2431829787
2435	0.2432829787
2436	0.2433829787
2437	0.2434829787
2438	0.2435829787
2439	0.2436829787
2440	0.2437829787
2441	0.2438829787
2442	0.2439829787
2443	0.2440829787
2444	0.2441829787
2445	0.2442829787
2446	0.2443829787
2447	0.2444829787
2448	0.2445829787
2449	0.2446829787
2450	0.2447829787
2451	0.2448829787
2452	0.2449829787
2453	0.2450829787
2454	0.2451829787
2455	0.2452829787
2456	0.2453829787
2457	0.2454829787
2458	0.2455829787
2459	0.2456829787
2460	0.2457829787
2461	0.2458829787
2462	0.2459829787
2463	0.2460829787
2464	0.2461829787
2465	0.2462829787
2466	0.2463829787
2467	0.2464829787
2468	0.2465829787
2469	0.2466829787
2470	0.2467829787
2471	0.2468829787
2472	0.2469829787
2473	0.2470829787
2474	0.2471829787
2475	0.2472829787
2476	0.2473829787
2477	0.2474829787
2478	0.2475829787
2479	0.2476829787
2480	0.2477829787
2481	0.2478829787
2482	0.2479829787
2483	0.2480829787
2484	0.2481829787
2485	0.2482829787
2486	0.2483829787
2487	0.2484829787
2488	0.2485829787
2489	0.2486829787
2490	0.2487829787
2491	0.2488829787
2492	0.2489829787
2493	0.2490829787
2494	0.2491829787
2495	0.2492829787
2496	0.2493829787
2497	0.2494829787
2498	0.2495829787
2499	0.2496829787
2500	0.2497829787
2501	0.2498829787
2502	0.2499829787
2503	0.2500829787
2504	0.2501829787
2505	0.2502829787
2506	0.2503829787
2507	0.2504829787
2508	0.2505829787
2509	0.2506829787
2510	0.2507829787
2511	0.2508829787
2512	0.2509829787
2513	0.2510829787
2514	0.2511829787
2515	0.2512829787
2516	0.2513829787
2517	0.2514829787
2518	0.2515829787
2519	0.2516829787
2520	0.2517829787
2521	0.2518829787
2522	0.2519829787
2523	0.2520829787
2524	0.2521829787
2525	0.2522829787
2526	0.2523829787
2527	0.2524829787
2528	0.2525829787
2529	0.2526829787
2530	0.2527829787
2531	0.2528829787
2532	0.2529829787
2533	0.2530829787
2534	0.2531829787
2535	0.2532829787
2536	0.2533829787
2537	0.2534829787
2538	0.2535829787
2539	0.2536829787
2540	0.2537829787
2541	0.2538829787
2542	0.2539829787
2543	0.2540829787
2544	0.2541829787
2545	0.2542829787
2546	0.2543829787
2547	0.2544829787
2548	0.2545829787
2549	0.2546829787
2550	0.2547829787
2551	0.2548829787
2552	0.2549829787
2553	0.2550829787
2554	0.2551829787
2555	0.2552829787
2556	0.2553829787
2557	0.2554829787
2558	0.2554893617
2559	0.2555744681
2560	0.2556744681
2561	0.2557744681
2562	0.2558744681
2563	0.2559744681
2564	0.2560744681
2565	0.2561744681
2566	0.2562744681
2567	0.2563744681
2568	0.2564744681
2569	0.2565744681
2570	0.2566744681
2571	0.2567744681
2572	0.2568744681
2573	0.2569744681
2574	0.2570744681
2575	0.2571744681
2576	0.2572744681
2577	0.2573744681
2578	0.2574744681
2579	0.2575744681
2580	0.2576744681
2581	0.2577744681
2582	0.2578744681
2583	0.2579744681
2584	0.2580744681
2585	0.2581744681
2586	0.2582744681
2587	0.2583744681
2588	0.2584744681
2589	0.2585744681
2590	0.2586744681
2591	0.2587744681
2592	0.2588744681
2593	0.2589744681
2594	0.2590744681
2595	0.2591744681
2596	0.2592744681
2597	0.2593744681
2598	0.2594744681
2599	0.2595744681
2600	0.2596744681
2601	0.2597744681
2602	0.2598744681
2603	0.2599744681
2604	0.2600744681
2605	0.2601744681
2606	0.2602744681
2607	0.2603744681
2608	0.2604744681
2609	0.2605744681
2610	0.2606744681
2611	0.2607744681
2612	0.2608744681
2613	0.2609744681
2614	0.2610744681
2615	0.2611744681
2616	0.2612744681
2617	0.2613744681
2618	0.2614744681
2619	0.2615744681
2620	0.2616744681
2621	0.2617744681
2622	0.2618744681
2623	0.2619744681
2624	0.2620744681
2625	0.2621744681
2626	0.2622744681
2627	0.2623744681
2628	0.2624744681
2629	0.2625744681
2630	0.2626744681
2631	0.2627744681
2632	0.2628744681
2633	0.2629744681
2634	0.2630744681
2635	0.2631744681
2636	0.2632744681
2637	0.2633744681
2638	0.2634744681
2639	0.2635744681
2640	0.2636744681
2641	0.2637744681
2642	0.2638744681
2643	0.2639744681
2644	0.2640744681
2645	0.2641744681
2646	0.2642744681
2647	0.2643744681
2648	0.2644744681
2649	0.2645744681
2650	0.2646744681
2651	0.2647744681
2652	0.2648744681
2653	0.2649744681
2654	0.2650744681
2655	0.2651744681
2656	0.2652744681
2657	0.2653744681
2658	0.2654744681
2659	0.2655744681
2660	0.2656744681
2661	0.2657744681
2662	0.2658744681
2663	0.2659744681
2664	0.2660744681
2665	0.2661744681
2666	0.2662744681
2667	0.2663744681
2668	0.2664744681
2669	0.2665744681
2670	0.2666744681
2671	0.2667744681
2672	0.2668744681
2673	0.2669744681
2674	0.2670744681
2675	0.2671744681
2676	0.2672744681
2677	0.2673744681
2678	0.2674744681
2679	0.2675744681
2680	0.2676744681
2681	0.2677744681
2682	0.2678744681
2683	0.2679744681
2684	0.2680744681
2685	0.2681744681
2686	0.2682744681
2687	0.2683744681
2688	0.2684744681
2689	0.2685744681
2690	0.2686744681
2691	0.2687744681
2692	0.2688744681
2693	0.2689744681
2694	0.2690744681
2695	0.2691744681
2696	0.2692744681
2697	0.2693744681
2698	0.2694744681
2699	0.2695744681
2700	0.2696744681
2701	0.2697744681
2702	0.2698744681
2703	0.2699744681
2704	0.2700744681
2705	0.2701744681
2706	0.2702744681
2707	0.2703744681
2708	0.2704744681
2709	0.2705744681
2710	0.2706744681
2711	0.2707744681
2712	0.2708744681
2713	0.2709744681
2714	0.2710744681
2715	0.2711744681
2716	0.2712744681
2717	0.2713744681
2718	0.2714744681
2719	0.2715744681
2720	0.2716744681
2721	0.2717744681
2722	0.2718744681
2723	0.2719744681
2724	0.2720744681
2725	0.2721744681
2726	0.2722744681
2727	0.2723744681
2728	0.2724744681
2729	0.2725744681
2730	0.2726744681
2731	0.2727744681
2732	0.2728744681
2733	0.2729744681
2734	0.2730744681
2735	0.2731744681
2736	0.2732744681
2737	0.2733744681
2738	0.2734744681
2739	0.2735744681
2740	0.2736744681
2741	0.2737744681
2742	0.2738744681
2743	0.2739744681
2744	0.2740744681
2745	0.2741744681
2746	0.2742744681
2747	0.2743744681
2748	0.2744744681
2749	0.2745744681
2750	0.2746744681
2751	0.2747744681
2752	0.2748744681
2753	0.2749744681
2754	0.2750744681
2755	0.2751744681
2756	0.2752744681
2757	0.2753744681
2758	0.2754744681
2759	0.2755744681
2760	0.2756744681
2761	0.2757744681
2762	0.2758744681
2763	0.2759744681
2764	0.2760744681
2765	0.2761744681
2766	0.2762744681
2767	0.2763744681
2768	0.2764744681
2769	0.2765744681
2770	0.2766744681
2771	0.2767744681
2772	0.2768744681
2773	0.2769744681
2774	0.2770744681
2775	0.2771744681
2776	0.2772744681
2777	0.2773744681
2778	0.2774744681
2779	0.2775744681
2780	0.2776744681
2781	0.2777744681
2782	0.2778744681
2783	0.2779744681
2784	0.2780744681
2785	0.2781744681
2786	0.2782744681
2787	0.2783744681
2788	0.2784744681
2789	0.2785744681
2790	0.2786744681
2791	0.2787744681
2792	0.2788744681
2793	0.2789744681
2794	0.2790744681
2795	0.2791744681
2796	0.2792744681
2797	0.2793744681
2798	0.2794744681
2799	0.2795744681
2800	0.2796744681
2801	0.2797744681
2802	0.2798744681
2803	0.2799744681
2804	0.2800744681
2805	0.2801744681
2806	0.2802744681
2807	0.2803744681
2808	0.2804744681
2809	0.2805744681
2810	0.2806744681
2811	0.2807744681
2812	0.2808744681
2813	0.2809744681
2814	0.2810744681
2815	0.2811744681
2816	0.2812744681
2817	0.2813744681
2818	0.2814744681
2819	0.2815744681
2820	0.2816744681
2821	0.2817744681
2822	0.2818744681
2823	0.2819744681
2824	0.2820744681
2825	0.2821744681
2826	0.2822744681
2827	0.2823744681
2828	0.2824744681
2829	0.2825744681
2830	0.2826744681
2831	0.2827744681
2832	0.2828744681
2833	0.2829744681
2834	0.2830744681
2835	0.2831744681
2836	0.2832744681
2837	0.2833744681
2838	0.2834744681
2839	0.2835744681
2840	0.2836744681
2841	0.2837744681
2842	0.2838744681
2843	0.2839744681
2844	0.2840744681
2845	0.2841744681
2846	0.2842744681
2847	0.2843744681
2848	0.2844744681
2849	0.2845744681
2850	0.2846744681
2851	0.2847744681
2852	0.2848744681
2853	0.2849744681
2854	0.2850744681
2855	0.2851744681
2856	0.2852744681
2857	0.2853744681
2858	0.2854744681
2859	0.2855744681
2860	0.2856744681
2861	0.2857744681
2862	0.2858744681
2863	0.2859744681
2864	0.2860744681
2865	0.2861744681
2866	0.2862744681
2867	0.2863744681
2868	0.2864744681
2869	0.2865744681
2870	0.2866744681
2871	0.2867744681
2872	0.2868744681
2873	0.2869744681
2874	0.2870744681
2875	0.2871744681
2876	0.2872744681
2877	0.2873744681
2878	0.2874744681
2879	0.2875744681
2880	0.2876744681
2881	0.2877744681
2882	0.2878744681
2883	0.2879744681
2884	0.2880744681
2885	0.2881744681
2886	0.2882744681
2887	0.2883744681
2888	0.2884744681
2889	0.2885744681
2890	0.2886744681
2891	0.2887744681
2892	0.2888744681
2893	0.2889744681
2894	0.2890744681
2895	0.2891744681
2896	0.2892744681
2897	0.2893744681
2898	0.2894744681
2899	0.2895744681
2900	0.2896744681
2901	0.2897744681
2902	0.2898744681
2903	0.2899744681
2904	0.2900744681
2905	0.2901744681
2906	0.2902744681
2907	0.2903744681
2908	0.2904744681
2909	0.2905744681
2910	0.2906744681
2911	0.2907744681
2912	0.2908744681
2913	0.2909744681
2914	0.2910744681
2915	0.2911744681
2916	0.2912744681
2917	0.2913744681
2918	0.2914744681
2919	0.2915744681
2920	0.2916744681
2921	0.2917744681
2922	0.2918744681
2923	0.2919744681
2924	0.2920744681
2925	0.2921744681
2926	0.2922744681
2927	0.2923744681
2928	0.2924744681
2929	0.2925744681
2930	0.2926744681
2931	0.2927744681
2932	0.2928744681
2933	0.2929744681
2934	0.2930744681
2935	0.2931744681
2936	0.2932744681
2937	0.2933744681
2938	0.2934744681
2939	0.2935744681
2940	0.2936744681
2941	0.2937744681
2942	0.2938744681
2943	0.2939744681
2944	0.2940744681
2945	0.2941744681
2946	0.2942744681
2947	0.2943744681
2948	0.2944744681
2949	0.2945744681
2950	0.2946744681
2951	0.2947744681
2952	0.2948744681
2953	0.2949744681
2954	0.2950744681
2955	0.2951744681
2956	0.2952744681
2957	0.2953744681
2958	0.2954744681
2959	0.2955744681
2960	0.2956744681
2961	0.2957744681
2962	0.2958744681
2963	0.2959744681
2964	0.2960744681
2965	0.2961744681
2966	0.2962744681
2967	0.2963744681
2968	0.2964744681
2969	0.2965744681
2970	0.2966744681
2971	0.2967744681
2972	0.2968744681
2973	0.2969744681
2974	0.2970744681
2975	0.2971744681
2976	0.2972744681
2977	0.2973744681
2978	0.2974744681
2979	0.2975744681
2980	0.2976744681
2981	0.2977744681
2982	0.2978744681
2983	0.2979744681
2984	0.2980744681
2985	0.2981744681
2986	0.2982744681
2987	0.2983744681
2988	0.2984744681
2989	0.2985744681
2990	0.2986744681
2991	0.2987744681
2992	0.2988744681
2993	0.2989744681
2994	0.2990744681
2995	0.2991744681
2996	0.2992744681
2997	0.2993744681
2998	0.2994744681
2999	0.2995744681
3000	0.2996744681
3001	0.2997744681
3002	0.2998744681
3003	0.2999744681
3004	0.3000744681
3005	0.3001744681
3006	0.3002744681
3007	0.3003744681
3008	0.3004744681
3009	0.3005744681
3010	0.3006744681
3011	0.3007744681
3012	0.3008744681
3013	0.3009744681
3014	0.3010744681
3015	0.3011744681
3016	0.3012744681
3017	0.3013744681
3018	0.3014744681
3019	0.3015744681
3020	0.3016744681
3021	0.3017744681
3022	0.3018744681
3023	0.3019744681
3024	0.3020744681
3025	0.3021744681
3026	0.3022744681
3027	0.3023744681
3028	0.3024744681
3029	0.3025744681
3030	0.3026744681
3031	0.3027744681
3032	0.3028744681
3033	0.3029744681
3034	0.3030744681
3035	0.3031744681
3036	0.3032744681
3037	0.3033744681
3038	0.3034744681
3039	0.3035744681
3040	0.3036744681
3041	0.3037744681
3042	0.3038744681
3043	0.3039744681
3044	0.3040744681
3045	0.3041744681
3046	0.3042744681
3047	0.3043744681
3048	0.3044744681
3049	0.3045744681
3050	0.3046744681
3051	0.3047744681
3052	0.3048744681
3053	0.3049744681
3054	0.3050744681
3055	0.3051744681
3056	0.3052744681
3057	0.3053744681
3058	0.3054744681
3059	0.3055744681
3060	0.3056744681
3061	0.3057744681
3062	0.3058744681
3063	0.3059744681
3064	0.3060744681
3065	0.3061744681
3066	0.3062744681
3067	0.3063744681
3068	0.3064744681
3069	0.3065744681
3070	0.3066744681
3071	0.3067744681
3072	0.3068744681
3073	0.3069744681
3074	0.3070744681
3075	0.3071744681
3076	0.3072744681
3077	0.3073744681
3078	0.3074744681
3079	0.3075744681
3080	0.3076744681
3081	0.3077744681
3082	0.3078744681
3083	0.3079744681
3084	0.3080744681
3085	0.3081744681
3086	0.3082744681
3087	0.3083744681
3088	0.3084744681
3089	0.3085744681
3090	0.3086744681
3091	0.3087744681
3092	0.3088744681
3093	0.3089744681
3094	0.3090744681
3095	0.3091744681
3096	0.3092744681
3097	0.3093744681
3098	0.3094744681
3099	0.3095744681
3100	0.3096744681
3101	0.3097744681
3102	0.3098744681
3103	0.3099744681
3104	0.3100744681
3105	0.3101744681
3106	0.3102744681
3107	0.3103744681
3108	0.3104744681
3109	0.3105744681
3110	0.3106744681
3111	0.3107744681
3112	0.3108744681
3113	0.3109744681
3114	0.3110744681
3115	0.3111744681
3116	0.3112744681
3117	0.3113744681
3118	0.3114744681
3119	0.3115744681
3120	0.3116744681
3121	0.3117744681
3122	0.3118744681
3123	0.3119744681
3124	0.3120744681
3125	0.3121744681
3126	0.3122744681
3127	0.3123744681
3128	0.3124744681
3129	0.3125744681
3130	0.3126744681
3131	0.3127744681
3132	0.3128744681
3133	0.3129744681
3134	0.3130744681
3135	0.3131744681
3136	0.3132744681
3137	0.3133744681
3138	0.3134744681
3139	0.3135744681
3140	0.3136744681
3141	0.3137744681
3142	0.3138744681
3143	0.3139744681
3144	0.3140744681
3145	0.3141744681
3146	0.3142744681
3147	0.3143744681
3148	0.3144744681
3149	0.3145744681
3150	0.3146744681
3151	0.3147744681
3152	0.3148744681
3153	0.3149744681
3154	0.3150744681
3155	0.3151744681
3156	0.3152744681
3157	0.3153744681
3158	0.3154744681
3159	0.3155744681
3160	0.3156744681
3161	0.3157744681
3162	0.3158744681
3163	0.3159744681
3164	0.3160744681
3165	0.3161744681
3166	0.3162744681
3167	0.3163744681
3168	0.3164744681
3169	0.3165744681
3170	0.3166744681
3171	0.3167744681
3172	0.3168744681
3173	0.3169744681
3174	0.3170744681
3175	0.3171744681
3176	0.3172744681
3177	0.3173744681
3178	0.3174744681
3179	0.3175744681
3180	0.3176744681
3181	0.3177744681
3182	0.3178744681
3183	0.3179744681
3184	0.3180744681
3185	0.3181744681
3186	0.3182744681
3187	0.3183744681
3188	0.3184744681
3189	0.3185744681
3190	0.3186744681
3191	0.3187744681
3192	0.3188744681
3193	0.3189744681
3194	0.3190744681
3195	0.3191744681
3196	0.3192744681
3197	0.3193744681
3198	0.3194744681
3199	0.3195744681
3200	0.3196744681
3201	0.3197744681
3202	0.3198744681
3203	0.3199744681
3204	0.3200744681
3205	0.3201744681
3206	0.3202744681
3207	0.3203744681
3208	0.3204744681
3209	0.3205744681
3210	0.3206744681
3211	0.3207744681
3212	0.3208744681
3213	0.3209744681
3214	0.3210744681
3215	0.3211744681
3216	0.3212744681
3217	0.3213744681
3218	0.3214744681
3219	0.3215744681
3220	0.3216744681
3221	0.3217744681
3222	0.3218744681
3223	0.3219744681
3224	0.3220744681
3225	0.3221744681
3226	0.3222744681
3227	0.3223744681
3228	0.3224744681
3229	0.3225744681
3230	0.3226744681
3231	0.3227744681
3232	0.3228744681
3233	0.3229744681
3234	0.3230744681
3235	0.3231744681
3236	0.3232744681
3237	0.3233744681
3238	0.3234744681
3239	0.3235744681
3240	0.3236744681
3241	0.3237744681
3242	0.3238744681
3243	0.3239744681
3244	0.3240744681
3245	0.3241744681
3246	0.3242744681
3247	0.3243744681
3248	0.3244744681
3249	0.3245744681
3250	0.3246744681
3251	0.3247744681
3252	0.3248744681
3253	0.3249744681
3254	0.3250744681
3255	0.3251744681
3256	0.3252744681
3257	0.3253744681
3258	0.3254744681
3259	0.3255744681
3260	0.3256744681
3261	0.3257744681
3262	0.3258744681
3263	0.3259744681
3264	0.3260744681
3265	0.3261744681
3266	0.3262744681
3267	0.3263744681
3268	0.3264744681
3269	0.3265744681
3270	0.3266744681
3271	0.3267744681
3272	0.3268744681
3273	0.3269744681
3274	0.3270744681
3275	0.3271744681
3276	0.3272744681
3277	0.3273744681
3278	0.3274744681
3279	0.3275744681
3280	0.3276744681
3281	0.3277744681
3282	0.3278744681
3283	0.3279744681
3284	0.3280744681
3285	0.3281744681
3286	0.3282744681
3287	0.3283744681
3288	0.3284744681
3289	0.3285744681
3290	0.3286744681
3291	0.3287744681
3292	0.3288744681
3293	0.3289744681
3294	0.3290744681
3295	0.3291744681
3296	0.3292744681
3297	0.3293744681
3298	0.3294744681
3299	0.3295744681
3300	0.3296744681
3301	0.3297744681
3302	0.3298744681
3303	0.3299744681
3304	0.3300744681
3305	0.3301744681
3306	0.3302744681
3307	0.3303744681
3308	0.3304744681
3309	0.3305744681
3310	0.3306744681
3311	0.3307744681
3312	0.3308744681
3313	0.3309744681
3314	0.3310744681
3315	0.3311744681
3316	0.3312744681
3317	0.3313744681
3318	0.3314744681
3319	0.3315744681
3320	0.3316744681
3321	0.3317744681
3322	0.3318744681
3323	0.3319744681
3324	0.3320744681
3325	0.3321744681
3326	0.3322744681
3327	0.3323744681
3328	0.3324744681
3329	0.3325744681
3330	0.3326744681
3331	0.3327744681
3332	0.3328744681
3333	0.3329744681
3334	0.3330744681
3335	0.3331744681
3336	0.3332744681
3337	0.3333744681
3338	0.3334744681
3339	0.3335744681
3340	0.3336744681
3341	0.3337744681
3342	0.3338744681
3343	0.3339744681
3344	0.3340744681
3345	0.3341744681
3346	0.3342744681
3347	0.3343744681
3348	0.3344744681
3349	0.3345744681
3350	0.3346744681
3351	0.3347744681
3352	0.3348744681
3353	0.3349744681
3354	0.3350744681
3355	0.3351744681
3356	0.3352744681
3357	0.3353744681
3358	0.3354744681
3359	0.3355744681
3360	0.3356744681
3361	0.3357744681
3362	0.3358744681
3363	0.3359744681
3364	0.3360744681
3365	0.3361744681
3366	0.3362744681
3367	0.3363744681
3368	0.3364744681
3369	0.3365744681
3370	0.3366744681
3371	0.3367744681
3372	0.3368744681
3373	0.3369744681
3374	0.3370744681
3375	0.3371744681
3376	0.3372744681
3377	0.3373744681
3378	0.3374744681
3379	0.3375744681
3380	0.3376744681
3381	0.3377744681
3382	0.3378744681
3383	0.3379744681
3384	0.3380744681
3385	0.3381744681
3386	0.3382744681
3387	0.3383744681
3388	0.3384744681
3389	0.3385744681
3390	0.3386744681
3391	0.3387744681
3392	0.3388744681
3393	0.3389744681
3394	0.3390744681
3395	0.3391744681
3396	0.3392744681
3397	0.3393744681
3398	0.3394744681
3399	0.3395744681
3400	0.3396744681
3401	0.3397744681
3402	0.3398744681
3403	0.3399744681
3404	0.3400744681
3405	0.3401744681
3406	0.3402744681
3407	0.3403744681
3408	0.3404744681
3409	0.3405744681
3410	0.3406744681
3411	0.3406808511
3412	0.3407659574
3413	0.3408659574
3414	0.3409659574
3415	0.3410659574
3416	0.3411659574
3417	0.3412659574
3418	0.3413659574
3419	0.3414659574
3420	0.3415659574
3421	0.3416659574
3422	0.3417659574
3423	0.3418659574
3424	0.3419659574
3425	0.3420659574
3426	0.3421659574
3427	0.3422659574
3428	0.3423659574
3429	0.3424659574
3430	0.3425659574
3431	0.3426659574
3432	0.3427659574
3433	0.3428659574
3434	0.3429659574
3435	0.3430659574
3436	0.3431659574
3437	0.3432659574
3438	0.3433659574
3439	0.3434659574
